2145787
2145788
2048161
1773001
1773004
1773003
1773005
1773002
1582617
1582620
1582619
1582618
1582621
1583058
1583061
1583062
1583060
1583059
1955675
1956391
1956592
1970659
1955676
1772896
1772899
1772898
1772895
1772897
43061
43060
55092
45282
1582592
1582593
1582590
1582591
1632945
1582580
1582582
1582581
1582583
1582579
2110306
1582987
1582991
1582990
1582989
1582988
85051
83780
86531
1594137
1594140
1607832
1596819
1609794
36335
37057
37750
36134
31354
31692
31412
31279
115940
104959
109620
103102
1582584
1582588
1582586
1582587
1582585
1582901
1582903
1582899
1582900
1582902
1583147
65604
65500
64996
1773167
1773171
1773170
1773169
1773168
377855
377372
372160
371661
