48886
51000
49612
52922
52372
52352
52128
93382
93265
93133
45279
44623
45278
81007
107023
101883
103669
97531
58810
58360
58361
62461
62162
62161
100024
100022
100023
105891
173522
177713
169393
124321
88631
88634
88632
88633
117232
130917
131495
121197
114123
114124
114145
114125
82044
81899
81898
108396
108397
108399
108398
275898
274506
100750
100733
98491
106083
106081
78623
78117
78367
97803
97683
92879
92878
141655
144665
120864
125944
129968
106494
102426
158377
158376
131840
66019
65656
65381
57661
57342
56954
54581
116129
116130
109644
95733
116128
35862
35032
35031
95989
95909
95864
89619
89618
89620
92475
91198
172168
172564
172161
176342
53307
53763
53182
1729492
1728024
1716393
1728260
1791372
1853547
1768374
34468
34606
33694
34487
47962
47964
47963
384314
376539
367327
56812
56736
69186
78190
73442
78980
78981
77996
172755
153707
99926
40721
40719
40720
449542
449543
449540
57954
57955
567969
554317
544196
535131
517595
694108
744912
692239
692240
692241
688907
688886
461177
462699
460585
460474
1949397
1949379
1949398
1949380
43568
43553
43567
85745
85744
84566
88308
1684137
1690530
1728826
1684136
59191
59514
59192
45180
45179
55410
55192
53760
53759
1353804
1255626
1302836
2125262
1137370
1137329
1345364
1370805
1345365
1439489
1323235
1324311
1410088
1361543
1312305
1610189
35838
35778
35776
1657925
1657923
1657924
1663161
1657926
2101503
1874842
935402
139227
137244
134472
1861098
1860936
1858801
1858802
758298
419859
419860
738959
1634883
1461686
1457087
1451093
1905340
1894749
1894444
1902670
1894443
1383875
1383876
719778
786553
696177
693412
682520
757168
758167
758016
756752
208357
208053
169612
169611
167261
153679